radix=10;
coefdata=-0.000173484095597066783223799690816235852
-0.000347793890262433321239332606467087317
-0.000607230821261570304081534033002753858
-0.000883606524102498050790566175294316054
-0.001089308588852933197543837451348736067
-0.001108101799620385755074103428796661319
-0.000818267335296068488471876722911702018
-0.00012774317217217057694213233620672554 
 0.000988025154148380489391167991186648578
 0.002455463456279056381342806858469884901
 0.004091308541826182976208770014636684209
 0.005619866768337665463572960788951604627
 0.006720362197083608671310805959819845157
 0.007098667386810053950285670509856572608
 0.006568351497757346675598899565784449806
 0.005119012258939754228537211133698292542
 0.002950468043490219599567225827740912791
 0.000456401742079862507688731154686934133
-0.001847382407584456697272057290604152513
-0.003438947066771293713249857404434806085
-0.003924974504839625309704498334895106382
-0.003159207609903034140452771083573679789
-0.001308802586652920438639591260709948983
 0.001157522402034759454597656613827894034
 0.003566774624734604746262300878356654721
 0.005207404301785692468662603005213895813
 0.005524710190998883760360449457493814407
 0.004293704958589500061960642085523431888
 0.001716726956337037137897971739164404426
-0.001591212307666996532071190806334470835
-0.004737907003962913733696726836797097349
-0.006784681462296077159024321190372575074
-0.007015939783102123628033552904526004568
-0.005173240030506057705872446916828266694
-0.001581312462328538165703961659858123312
 0.002883023046821917619725317294410160684
 0.006987438061676102055153059211534127826
 0.00946723796593765265505737716011935845 
 0.009394680849646581261014333108505525161
 0.006491584865864404377266971835069853114
 0.001287459459167601422829863011543238827
-0.004940660499995496758585122876183959306
-0.010454195300703334955971790520834474592
-0.013507874683279795166579440035548032029
-0.012861679756223223791700149831740418449
-0.008209238087929669400177878912927553756
-0.000390133860524301528255319837512615777
 0.008700079476180216236924636064031801652
 0.016513058017615295236524275424017105252
 0.020489024378869319376050839309755247086
 0.018787914355768972618498935389652615413
 0.010921952551820914012470353782191523351
-0.001891500396028093951283910456595549476
-0.016781409189507504042815355660422937945
-0.029709010837322573361785060797046753578
-0.036308497298521813512195421935757622123
-0.03290515699358125684126363807990856003 
-0.01747490358937223847712871815929247532 
 0.009693444625877307291306195224933617283
 0.045814184047620921946819549930296489038
 0.085974211598468436301700990043173078448
 0.124001713718478401293765500668087042868
 0.153658233294136359337045405482058413327
 0.169895435580896869698364071155083365738
 0.169895435580896869698364071155083365738
 0.153658233294136359337045405482058413327
 0.124001713718478401293765500668087042868
 0.085974211598468436301700990043173078448
 0.045814184047620921946819549930296489038
 0.009693444625877307291306195224933617283
-0.01747490358937223847712871815929247532 
-0.03290515699358125684126363807990856003 
-0.036308497298521813512195421935757622123
-0.029709010837322573361785060797046753578
-0.016781409189507504042815355660422937945
-0.001891500396028093951283910456595549476
 0.010921952551820914012470353782191523351
 0.018787914355768972618498935389652615413
 0.020489024378869319376050839309755247086
 0.016513058017615295236524275424017105252
 0.008700079476180216236924636064031801652
-0.000390133860524301528255319837512615777
-0.008209238087929669400177878912927553756
-0.012861679756223223791700149831740418449
-0.013507874683279795166579440035548032029
-0.010454195300703334955971790520834474592
-0.004940660499995496758585122876183959306
 0.001287459459167601422829863011543238827
 0.006491584865864404377266971835069853114
 0.009394680849646581261014333108505525161
 0.00946723796593765265505737716011935845 
 0.006987438061676102055153059211534127826
 0.002883023046821917619725317294410160684
-0.001581312462328538165703961659858123312
-0.005173240030506057705872446916828266694
-0.007015939783102123628033552904526004568
-0.006784681462296077159024321190372575074
-0.004737907003962913733696726836797097349
-0.001591212307666996532071190806334470835
 0.001716726956337037137897971739164404426
 0.004293704958589500061960642085523431888
 0.005524710190998883760360449457493814407
 0.005207404301785692468662603005213895813
 0.003566774624734604746262300878356654721
 0.001157522402034759454597656613827894034
-0.001308802586652920438639591260709948983
-0.003159207609903034140452771083573679789
-0.003924974504839625309704498334895106382
-0.003438947066771293713249857404434806085
-0.001847382407584456697272057290604152513
 0.000456401742079862507688731154686934133
 0.002950468043490219599567225827740912791
 0.005119012258939754228537211133698292542
 0.006568351497757346675598899565784449806
 0.007098667386810053950285670509856572608
 0.006720362197083608671310805959819845157
 0.005619866768337665463572960788951604627
 0.004091308541826182976208770014636684209
 0.002455463456279056381342806858469884901
 0.000988025154148380489391167991186648578
-0.00012774317217217057694213233620672554 
-0.000818267335296068488471876722911702018
-0.001108101799620385755074103428796661319
-0.001089308588852933197543837451348736067
-0.000883606524102498050790566175294316054
-0.000607230821261570304081534033002753858
-0.000347793890262433321239332606467087317
-0.000173484095597066783223799690816235852

